47363
77713
3923
79337
18593
41341
59417
11239
68567
72091
96857
67481
7873
104579
20443
104393
68449
22937
26203
87383
99679
88589
32029
32563
32833
80737
26881
51503
49943
97169
6121
96497
74323
32693
3607
27919
35573
93811
83269
52127
46187
30097
89653
27947
4049
49123
14221
42667
38053
39443
43607
94573
76673
81527
23687
79633
88741
49367
3251
263
78139
41851
79
28949
109
81883
60919
80849
93523
48281
13789
30403
69383
457
16901
83233
71711
42491
66587
65033
55103
29851
39521
81199
21313
48781
15901
103913
4643
75571
17669
59723
2417
103421
23003
31973
83423
74857
18911
92641
82067
59393
101117
97687
5749
2953
65629
41263
99017
11329
66629
59341
3137
82889
67411
1151
51431
49103
68879
20353
1867
16787
32887
63377
103657
58909
50329
39667
24841
31721
65881
87293
9403
4283
27691
69127
8779
70121
8849
55049
811
19937
31
15889
78839
103043
5113
56747
19319
59743
77551
34337
17387
24571
31873
85223
89371
28409
91297
24967
41969
41149
22963
25523
42457
68477
11083
47017
47623
11527
44131
8443
91811
72077
103769
75781
47933
1123
42899
35899
99571
19079
12911
72223
70921
98869
5981
64591
77999
6779
96293
33529
56249
2039
50929
102679
69677
82793
71707
61483
65519
34549
75983
34267
81769
5927
48757
102829
31723
50821
57713
16183
22247
5717
90749
2837
94837
5779
46619
63659
73561
78737
102503
61463
30871
197
8893
17099
32999
30971
95581
2213
90401
97943
22079
16729
50311
6133
37633
751
25111
74797
72421
46601
91529
8039
89867
7817
98561
2617
53881
27529
38639
5347
42467
71597
39799
57037
1559
60661
32413
2389
57991
27211
277
37201
33623
79181
34501
33829
44123
100291
91433
35447
100769
79769
95483
30689
28351
6373
61927
13249
78901
51263
98389
6421
53161
73039
41953
100523
97967
36761
6599
39317
90187
64123
51949
20543
68041
53939
64709
12197
101183
81629
96167
54101
70879
52583
70853
11399
39619
10111
97379
92333
14551
44281
36559
86389
98689
11987
82457
64579
39791
89611
83221
15619
104173
4931
81563
1993
75721
29347
96493
13421
43543
47041
86077
87257
38543
47807
16217
20341
53783
21673
39679
33181
84053
80933
947
13879
3851
2411
86069
28759
87523
62639
15361
92809
9749
12893
43961
5099
45553
71317
16889
85991
67901
81409
82009
677
58147
43717
84313
30853
25703
33053
70003
103643
1609
32363
97859
47969
84631
26449
7691
102397
33769
97157
68087
71339
56633
3803
11093
104623
47609
28447
82559
51691
72623
4157
20047
62473
88301
1601
1723
24709
66343
21893
2633
25931
24121
80651
38723
32779
60223
22907
100981
94477
29867
55259
81737
79847
18049
77491
54347
47599
45497
94321
49003
37463
44641
39827
55667
10837
36637
43633
50377
1481
75109
68113
40031
86929
89839
76001
76943
93487
46307
49549
15199
30539
49057
81373
49369
47093
38653
5851
65071
60649
48533
62351
821
40801
61909
95783
7853
67537
65449
101501
53861
40153
78229
31237
81703
39551
89119
53731
80779
97081
17729
16691
74729
71663
84263
51481
33997
72823
90191
51871
12809
46889
14197
60497
66173
8933
23293
83903
17477
71161
83093
9371
93967
80909
93563
7013
100559
72353
88789
20431
40751
87013
100621
38239
7591
66301
89633
6113
19141
76207
96589
24049
5419
78041
16231
24971
16097
1987
13627
75133
48091
24953
38693
3037
461
62383
66109
31477
73907
62299
353
62171
60889
19949
63901
45179
103903
56983
8363
59387
77171
79139
5737
57283
37987
9851
199
98639
40529
41491
55411
4051
35201
30643
35993
94597
15073
84649
88681
102013
97961
46073
23291
59797
44683
68891
61297
41143
40709
84391
30253
94841
9349
75161
59879
62207
69149
69827
92233
25673
46349
102451
34301
1823
96749
5351
39341
8431
51929
23789
69011
33619
80809
3491
53791
80233
2593
3907
25189
83869
10139
27407
883
72973
34871
81049
25117
50839
92177
79801
85061
23813
90199
11813
4027
6247
82223
1013
88969
94903
88327
1427
8713
23539
20051
36527
70849
41687
16979
113
78877
57529
75707
11981
26863
46901
88019
26153
21163
43103
16369
16103
35153
80039
71089
38281
10831
65179
95027
93911
34367
91009
54331
56087
6397
48247
102647
5897
73961
34949
77489
37717
66683
69737
77359
84299
73607
98929
30427
66701
83207
82727
97039
79903
101573
3929
28201
88177
58789
67891
13751
62017
38767
62971
36779
70891
100811
26347
28279
6101
30593
77317
81077
92317
32987
33931
36691
8081
59957
72673
40241
60961
71551
51797
2521
89989
71983
90001
24977
26683
7499
1367
38167
17519
83459
101599
84131
6037
44383
55469
89057
50581
93503
68749
44351
87011
3779
34283
44101
18959
41647
23819
67349
13553
85259
40637
50291
38039
35317
46589
22531
5821
33469
49433
98717
10271
97973
83983
99013
79811
49417
9157
32099
33071
38711
137
25741
81817
25097
96469
34819
88169
52027
7069
43913
81899
19427
19531
46147
8867
31259
71443
96527
43399
97127
101879
2029
77549
19457
65011
10651
4297
42227
15299
11897
21577
12539
100609
99823
91237
56909
23893
49081
96401
33287
69401
31019
35081
48239
57373
61211
53639
38783
90371
78893
17431
26861
58613
99719
5281
84751
30133
36083
14033
62897
42403
55681
95087
1627
5519
24019
20681
19183
35027
49157
5653
64849
16381
44111
99809
74831
1087
14699
94933
75391
10709
67651
69379
3613
66721
97609
65957
103183
75533
96097
8951
19031
90947
5581
91673
17911
84811
91459
89657
39371
74293
6997
2269
72139
53897
98443
18199
35911
76829
98641
52817
86113
69697
4703
97459
73459
50119
88721
2339
39581
80567
39971
2099
9661
29741
1777
67961
99233
83621
42841
7583
47629
45779
58129
18269
77239
83833
57059
74099
24763
60737
60727
58061
64613
88379
40237
36097
19309
89521
98323
21269
50461
65413
50723
32717
103567
89231
46477
28579
81017
431
13841
47743
75329
7963
29207
63853
33359
51131
87649
103561
15443
79187
54167
104543
103841
99409
85109
59357
3041
83203
39989
77267
68767
60041
40493
7477
7793
86137
78401
56701
38561
73529
23
45943
7649
89917
64853
56269
4397
2789
601
82279
29629
78571
68141
40897
92353
26251
76441
77849
58907
96851
91957
52567
78307
102769
2207
95443
12781
39509
4057
51419
76079
12487
35897
48121
28463
70783
6637
4649
27961
90887
73673
7451
70937
38153
68279
19913
82913
21019
96557
1933
55819
87589
83009
35593
98213
3371
33967
34781
64763
65167
60689
40169
59119
36599
36709
94513
20029
93893
72053
45259
41081
28541
68399
36943
2851
62003
66739
48221
26189
72169
57593
22447
27737
99119
24733
57397
80209
17
23537
79589
83477
31741
27299
102071
17713
4789
101537
32497
75431
74771
79861
1951
21517
70177
5659
80677
42073
25307
46439
34217
66569
20063
70373
38839
74453
93463
86209
40357
12829
87103
75521
6143
29663
41281
25243
13523
45083
47917
92593
42829
55639
52747
76379
51853
47119
38321
37549
56569
31391
48341
93809
70241
54059
15053
96059
13171
41231
104383
60101
45131
70067
54319
23719
76831
35983
104021
78203
42223
74017
6317
100109
94433
61559
37223
40013
42397
78479
55351
98507
33647
28843
103963
349
17959
11317
46181
99469
24091
100393
67429
51767
96233
41617
21341
18461
23041
43781
87739
25999
79283
69929
85711
4567
16811
5107
72493
49921
31667
9421
45863
26393
50053
12959
5483
82073
41983
26339
18149
20389
13177
24443
99377
32089
73681
4691
79999
83563
9203
74929
94121
179
1171
15683
16141
60013
95527
49957
101281
28603
96281
44543
2647
70183
82183
79621
55661
50231
70139
57077
13763
63197
7789
47459
103787
24391
67043
35449
77783
6473
6389
14461
30559
2381
81967
35111
25457
74827
75797
43609
91331
69877
85751
42409
3067
35831
3583
6803
45077
1031
22307
1597
74489
53891
72647
61991
58027
53017
76753
52009
43261
67607
46649
66161
96823
40499
58171
82267
16253
46261
98453
62081
82193
88037
4759
59207
6151
99173
94399
24877
96043
67601
58099
19259
83891
82799
18773
25471
94009
79669
84061
51631
33791
98729
27767
32141
3361
29947
60259
82757
88211
59611
48187
7883
36131
1999
55171
81203
7907
51043
95191
38047
12253
77243
17737
11131
97711
72101
82237
34403
45233
1093
31583
58073
3691
59557
6761
55813
36373
20183
93407
9067
96973
100379
93493
55949
94747
19289
36587
13093
79843
79231
45413
95507
45823
30577
15559
6907
66347
75277
39877
14783
73277
26227
31139
73331
4721
31051
75611
10937
46399
103007
16427
79043
75217
12041
55603
51383
49177
2503
46237
37021
39103
76081
5197
6719
60509
40123
4271
62467
56911
92377
83231
15241
73079
40867
21089
73421
64783
82153
84551
78977
2957
48593
2237
60611
15791
97789
96893
8117
75821
39323
24691
90439
84181
4999
84977
95701
15749
23629
2767
21491
31219
92681
1289
21757
10853
31123
36389
14293
89899
44389
41233
43189
47843
81197
17011
51517
2221
93047
55109
98993
63317
33797
35533
59167
6469
41759
83219
38669
32027
23567
70639
73699
103837
26713
96737
71287
96259
36833
43753
64621
104047
7573
102197
31699
24547
91573
61339
98459
34057
54577
70379
74411
3539
99661
50551
52889
62617
31663
19699
42239
35221
61627
57487
73309
30859
19
93913
26141
41213
32579
63439
54361
35879
10069
7741
29027
56131
38069
102019
67271
23417
10979
81547
85199
60659
89431
77191
71119
88861
102983
16843
71713
71413
93383
74167
41507
4813
91309
11807
23057
2689
40829
47869
26693
87509
7523
5021
46573
101173
48563
64453
28621
80671
71647
56207
51869
37039
88643
82847
36017
57251
19507
10987
50459
45949
5801
23833
16189
51991
54959
34841
46507
4639
38431
18919
41959
41023
98773
45389
70439
18541
4339
102301
103409
42281
541
33391
61837
88259
36871
74203
69197
23801
84919
56629
74747
33547
99349
62819
94789
22271
28921
93133
42451
66083
87679
76541
25981
8941
101419
78259
36929
4363
77249
94781
81853
35951
67187
1259
29287
90803
82487
77383
77041
89753
33851
45341
53759
102763
79537
14879
19391
19697
83341
44273
100103
101929
81847
31387
3389
33857
1549
51449
92041
1619
89273
83773
17257
4457
93601
65003
3947
4231
62929
80833
98597
54877
91703
78823
4549
91249
81101
9907
79193
78803
1997
9199
43933
50587
92849
39623
104059
103307
68491
64871
92899
65951
7541
58741
23459
69073
74419
102107
7717
31847
86711
22787
93103
13411
67261
89071
63647
42283
57259
5273
13591
38867
80701
103391
60427
26357
8243
38953
104183
31607
68633
87473
62773
29243
25253
90977
18797
71999
61043
43891
19763
31357
42683
44417
5867
53569
86461
69431
12473
81869
51713
88411
22441
9619
63541
36671
94421
14347
39847
13291
10103
1193
54869
3889
25391
84967
58601
98321
68351
96181
3319
53117
79561
74201
373
77279
11587
72869
90071
6029
47563
100537
67927
12941
45119
95723
96907
72379
43789
15401
26737
52289
81239
101807
75149
18617
9679
16603
991
57427
829
74441
66571
46727
82051
14633
78979
4871
50123
38737
48313
10093
85847
63331
39241
84913
73
73571
36469
25819
42773
86029
55061
25153
97241
82811
83591
93187
38903
63839
89293
11821
61543
23039
55339
59567
19081
93097
15581
78887
45181
32561
96221
50951
79631
18311
71987
41257
39953
7109
24379
36919
82529
57503
53327
58693
96211
51563
55009
83557
48623
100907
83663
9929
90053
4373
34261
67453
9511
93937
42577
15569
68071
92419
74077
45737
59
44753
69821
30557
44257
82301
32233
59981
63929
78781
69221
66877
17123
87281
19219
77141
62311
46441
104147
14449
61493
38891
20747
22367
80491
4007
86837
4817
88897
56369
82837
102701
74779
29531
45557
51437
16699
68161
11071
73883
44927
42643
17903
58441
63367
6301
74707
7283
29363
22157
13451
7577
42641
27127
58391
51679
3581
57131
65581
30697
53437
21863
51001
19991
88853
69761
55889
25229
49253
9817
167
38327
49991
3643
79103
101737
443
91387
87803
56531
62423
75833
11701
102253
94771
49451
99181
17929
55529
11471
46457
37691
21839
85517
29753
32843
19001
20011
31081
8501
20149
86179
34313
94447
10253
92647
87623
65543
12647
88793
15349
19553
96517
39089
21001
99133
48767
72043
6091
72701
10711
60103
44071
101467
58321
93851
8087
7177
10169
6257
65101
64013
71483
57781
1531
43951
21397
9043
13597
97927
23021
32969
23879
76871
35023
5237
36721
74507
35969
97613
91141
98327
18451
88001
81439
59069
83339
86467
82373
91801
48821
91943
70429
85571
11117
69557
3697
3761
102293
14341
17851
21559
2069
44959
94057
51973
25933
43391
37537
9433
12703
13477
102551
103177
17321
3109
46829
89363
13337
82903
70841
37657
34457
63521
62417
49801
96269
2441
50069
44987
91513
32323
46219
45427
73859
88657
41
71993
31531
12437
50647
8741
10753
24413
39569
66593
48397
67589
78017
40823
21169
70867
29023
37199
2999
90931
76333
36073
57367
98809
47
76537
70793
1283
4447
26459
5807
99991
62563
88241
31849
76777
99881
62039
52057
29837
15767
61253
101359
75209
99257
2749
99859
31307
3671
70999
71167
43711
40351
1217
77521
29437
12799
95203
36037
67493
45887
2281
62969
24809
86381
50227
100747
20707
63421
41903
43973
1759
6737
85817
82351
25621
102547
13693
77699
22073
100189
67967
65089
82939
20773
103393
62191
98711
6701
17183
44263
619
98801
67757
48799
34963
73351
72997
30139
86117
62497
5297
29863
15271
93257
97117
48163
43661
66449
27997
54517
20407
15439
11939
74959
57349
9293
86243
49409
88937
59113
68507
12763
101111
54799
91541
77527
32063
64283
16267
87691
101119
75641
54377
2459
34721
102559
8219
24533
49681
31397
42013
48383
44203
70589
39239
97987
22621
21017
68687
27487
25889
24001
86579
20479
95947
20903
929
101323
59141
19417
39181
7
19249
87613
101287
11489
84857
56951
7487
9973
18133
3461
25849
8521
61357
13007
10847
51109
99961
68881
22027
81281
21821
17209
55001
82393
37813
16057
55849
63277
6733
57191
28723
44879
88547
54437
75689
45377
61487
7829
367
54881
90901
39161
53197
39511
39503
89659
49603
84319
19577
70663
30497
20441
91373
73709
5023
36821
53419
28549
77417
34231
68659
57223
87511
24919
8231
35363
58711
88819
87133
58453
3407
78569
18679
80449
68023
68581
82963
3719
35171
75083
92789
39733
71327
100417
42649
13903
63727
19373
36467
95177
56681
99317
21059
24077
1913
1811
61441
86729
75583
17417
95707
827
12107
101197
31013
32429
83077
67247
41057
40883
64019
3079
92077
30841
90271
49363
23743
12379
61363
41843
25357
19541
52387
40841
73387
56501
98123
36923
56167
55787
85303
12527
44089
52951
43969
8191
74383
47351
97429
79427
83407
50741
1637
13757
101113
14323
48473
30703
8737
78079
68611
157
102299
45989
103813
88747
8287
80239
33107
81371
2677
28979
92431
25343
15277
9011
59209
51521
34843
10949
75503
56941
41597
6451
17471
96431
86083
72547
2311
83791
54647
38083
6217
103981
46877
4583
51803
59407
94873
66529
97171
10243
99877
66413
93239
94907
50423
66463
2657
95621
48131
50321
57331
92927
40507
27617
70111
2729
53831
65173
41543
22259
21407
47521
14827
96779
90397
77069
54151
84059
56003
463
28871
89443
77659
92269
49499
63389
98317
99137
26921
57791
92717
64633
63079
93559
102911
19583
93949
44519
21911
45013
56333
80489
5639
47317
7927
50159
32183
104527
47659
55717
98377
8861
49789
79531
50909
26267
97813
55201
18253
11549
701
95917
76099
19163
54419
48611
28649
86851
62129
59779
39439
82039
81667
47087
66221
2687
5839
10589
49843
73679
12619
64091
98257
96377
26171
83873
4133
45613
59771
32713
29201
42863
84191
75683
60719
52177
27779
43283
48619
99251
26633
77101
26993
44017
44189
93427
100213
41911
77801
16061
46049
1667
35797
75557
71209
73237
45503
34703
69203
52813
57383
49663
45833
38933
86923
36251
46679
10883
68791
71411
71807
32143
24499
50383
42557
17167
89909
14947
28387
41737
7549
101999
56299
50411
26849
37013
37307
21997
93739
33029
42179
35053
17351
15139
53173
16363
46633
86399
34849
61231
94541
151
12583
93287
19819
10009
27427
72251
42131
19973
85853
48017
72617
75703
13159
65371
69313
53201
98837
77719
181
80953
34603
3221
44029
56993
104003
43987
9613
13367
83389
104119
18341
42169
27901
84349
3767
67939
17599
31799
8461
48673
67547
46499
61667
59021
62327
1187
95819
32173
19051
50333
52571
72073
63419
91303
13691
75731
45817
26557
863
37409
42929
30187
39887
69389
36541
26309
3391
5869
5119
87049
101527
35509
34847
48589
17383
8699
54499
31687
127
3499
31957
76607
54371
62903
13043
65557
70117
98963
61979
42331
77813
91639
72559
48023
53653
32119
733
87107
58913
63281
33613
97177
47279
95339
8719
23279
101663
90617
60887
33637
51283
30293
12413
98731
67853
23357
60601
76883
26951
103553
1709
51829
98981
12659
100363
61981
94849
53987
66853
17551
93337
971
40853
70981
38923
1307
34381
13567
28559
12641
69143
76847
74353
8963
98017
19843
3359
64279
95869
42703
6917
97381
71171
48991
70459
39217
51059
28643
10499
65707
90011
20771
46811
3001
22193
54617
62939
47381
93481
19301
85087
70717
17971
60271
21487
71471
18433
46171
60527
7127
9343
53299
67211
103843
4289
71881
38119
68711
99523
12983
85549
25763
10061
96479
5077
74717
46751
39761
39079
66403
102101
57221
32869
42901
80513
75913
42257
76343
4099
41039
4423
69691
90703
20323
84247
2903
18077
71867
12541
58367
33331
80471
42923
68813
49009
98909
1499
28669
84067
84377
76697
82883
38201
40009
40427
50093
82997
3533
20521
37057
44159
26647
45139
70969
29473
13417
42299
85999
22777
50287
99607
57047
103483
45659
26083
27091
8263
7933
30773
97847
79493
95131
2399
6763
37139
4159
24197
103681
33577
46867
102217
15923
83071
61283
67369
84979
49537
43411
102103
11923
40993
61949
13259
76679
14143
50989
99689
439
89533
33503
71821
8237
43451
95629
3769
38569
84121
3793
35257
24697
37811
24623
100847
75979
79613
18839
56417
43649
58943
59273
63443
44533
3541
25601
2477
88661
33641
45587
79889
35543
50153
22093
23581
49331
27409
41539
5813
11551
44021
95633
23509
36383
11657
61027
39209
5
42323
9931
76603
103549
3191
87317
96553
99397
82037
91813
94253
23599
85843
56533
70229
61169
27541
68903
97373
16519
14479
60083
28309
71699
104161
51673
40639
92221
65423
58199
42967
4987
64271
7603
41117
40433
12119
53609
36191
87481
76303
60763
17033
103991
12011
383
39133
37649
81023
93703
102953
30047
30983
2203
27943
11057
9949
4663
5857
22871
61843
10337
28403
47269
100799
82571
16903
101653
7219
46591
1063
5003
8629
20161
54521
97511
54581
7459
47287
44963
44381
103811
67499
40093
8101
93083
859
32261
63709
93329
30727
57467
40847
35437
37643
37181
13063
19121
22273
78191
14011
8599
66037
92671
49559
32191
22279
11699
40471
13381
72383
95429
100153
17231
10181
87491
101701
88423
13001
104729
23017
15959
72307
83719
55399
95549
58417
93983
11443
173
691
104593
82349
69997
86441
36217
19423
35491
1399
70507
85639
99643
53527
83471
3433
47303
64667
49297
91381
75227
27253
18307
43777
10513
13721
84731
51647
53147
15803
63697
34589
3943
17041
64303
24421
13907
26981
39359
86783
10973
11087
96223
69001
102587
87149
83843
59239
52433
68059
30161
81019
30241
23197
92383
89213
63691
39727
36529
20393
42407
1361
88427
71257
80207
47431
12263
3559
98011
57193
67579
25033
82141
13487
41411
99923
74357
85213
89237
71263
647
26021
77839
7559
85829
54559
27883
12109
98927
47717
36877
61561
32653
7517
23053
28517
22709
43
69119
85247
55511
20147
48973
34543
47497
95891
1223
37357
26017
31337
101987
95569
100549
99901
6343
28283
25747
3823
98669
67079
21379
61781
41177
39019
997
71899
50207
28933
33203
72551
563
91837
67751
94349
3617
26041
3833
42437
2083
58477
44699
30671
94379
32573
46093
54917
86959
103619
1483
1583
79087
101837
86491
27143
35933
23753
53359
14389
67343
5531
67073
12289
34483
33923
29339
94439
35279
85903
13697
7417
42157
11779
56663
20717
84089
90527
84499
68311
32839
46273
99971
52103
40087
39937
25303
53
104561
41611
97649
87323
60647
27953
63977
21599
3919
6163
6229
94291
81343
76991
35251
95273
92507
83137
89797
85369
32077
63773
13049
16573
62213
87853
15377
18131
97501
75989
61751
81671
40939
42937
35353
99559
92551
16931
2309
44633
72679
51599
40151
28319
72211
2939
76561
35759
30839
94151
26821
5563
67619
23497
69029
41879
80341
11159
61879
70709
251
74527
57457
79397
30649
98543
16529
70657
24659
89399
9467
14563
20347
38287
16421
87041
23887
49307
88069
38371
49333
14153
48907
36899
1091
59921
58543
25147
12377
283
17299
59651
36493
72469
20021
70099
74047
85201
29153
59051
43997
14653
61223
4787
95287
35381
293
51539
70223
23917
85439
79873
3163
75367
57269
1447
53353
66601
54907
80911
30169
7043
27773
26249
91807
41641
9539
37997
41609
29959
41549
44129
60161
1523
18661
60149
87187
48649
93629
11689
68597
49207
12007
18691
14149
22643
27107
52981
96959
19919
43481
97871
13327
89897
31963
92179
11161
45541
82787
40189
28097
21143
8429
33457
31063
9007
34469
100693
43117
79691
57641
81559
34439
5443
82657
8539
65713
96053
80173
17419
66239
85427
49171
75239
4357
58217
72923
31817
47947
74413
93253
67103
13033
12637
87811
87631
8831
81233
2377
70297
21433
51971
85837
62507
503
84229
60623
52901
47977
30449
14177
85703
9811
40099
10687
39659
11311
31547
80369
19069
58067
10627
58511
48761
5711
22549
139
14243
30977
95267
52363
57881
89767
80527
26777
31159
11941
27367
78919
43067
12329
9109
98369
78649
54601
36931
64171
75029
7589
23873
52903
92951
87797
27479
91621
65963
60217
97213
100411
69493
104381
26317
69247
67577
71671
74597
91577
16927
43787
24517
56807
75883
31657
55439
31249
2591
50543
18793
7159
43207
42089
55697
52673
91153
59791
62303
2713
2693
79319
31649
64189
10211
34687
73363
87719
97571
31079
5657
20483
54851
91139
82261
67511
18913
92251
35099
47491
409
87407
21617
14957
70079
79273
6833
25073
68963
50789
3517
93761
15641
90679
22397
15739
9437
90469
14071
44687
94621
50387
49139
79259
16693
31643
104701
34213
11789
27917
65839
33161
62347
72661
35999
39233
60943
103333
73517
10723
27449
36683
68227
77899
24767
29399
24229
10993
39199
53681
3089
103669
74933
71563
2963
14747
19963
28619
87403
30851
99581
9137
20357
48647
42349
5641
21319
101723
77419
101503
59887
49741
97861
96487
41813
86351
87181
60937
89939
72173
71693
66071
15973
104723
61507
79393
26111
12391
48299
6577
6311
81509
33581
32933
99833
34537
22469
27437
53401
18181
17203
37
65419
6353
67049
3187
4451
65029
3061
29221
75653
56053
92237
42767
69491
2393
41161
11743
56489
102653
21227
7841
101149
46471
43331
97841
8111
29123
68329
17707
68543
33587
8291
28927
69833
91079
2143
27191
74363
22381
15329
104693
102077
90313
43783
19213
11393
53593
18257
82307
87587
23929
49531
14771
95461
75479
51217
64319
91951
47441
72271
23339
8209
74509
29327
3011
21031
95813
32159
17783
83761
43319
23311
20023
43577
30713
25301
32479
6829
58043
66509
102643
18353
2671
36913
38011
35051
78031
65393
787
6379
51361
71059
56923
18493
66137
7643
84871
82721
76579
68489
67157
66191
36887
11909
15907
59093
92657
52081
21589
35401
67801
86111
90631
83117
95111
14767
47581
63397
58237
8969
100913
55243
11519
49993
35731
45433
100613
55871
20753
85037
79777
2081
5471
15359
2551
33811
29077
52189
62683
44773
38183
5861
74843
80819
101279
99713
54563
23669
52183
10799
53993
7723
99401
52553
61469
89821
71633
71861
90863
104009
16547
58013
88469
70481
7753
28493
27791
71473
11027
14549
5441
99529
41809
44621
90499
81349
74449
32587
101603
78721
56957
80713
30109
2971
9521
95959
10639
73951
92627
37189
32803
65521
47237
769
102673
53857
73181
20549
24061
96457
75169
102337
19753
76913
68521
66889
53657
53617
13967
94777
3727
92761
23203
88873
11423
2927
84047
977
89449
47591
102797
51511
17597
4799
29251
11069
58313
57667
78791
47939
35671
10313
42571
45841
12421
90821
1297
26591
55843
66749
5669
16033
28879
17137
82387
86869
47527
87553
4261
101789
71849
9181
7507
52691
40961
16361
20201
83059
44771
21803
16319
77797
85931
29173
7351
33353
50417
557
39119
61673
50857
6991
9677
72739
34679
14401
35803
30829
22013
46681
92861
24509
101209
13241
32621
45343
57073
17317
91711
43177
11801
68699
48197
79627
21601
8609
101797
5407
9533
78539
101399
93319
52259
401
81173
41579
71347
70549
2053
44797
94063
12589
65357
85093
34747
12889
69337
57923
95279
80681
34757
36571
9739
57653
49117
491
8761
90373
58699
45767
79559
41017
85333
85889
85243
10859
8543
2297
47147
3469
23431
66733
15149
42569
39563
37397
3989
73583
80687
73597
65407
40487
74887
6271
80963
1669
90523
19961
93131
68443
99371
15773
61333
4019
50023
97369
87887
60539
30467
92791
82189
27893
65447
76651
6173
30817
59029
43013
24239
91253
81353
49547
77023
56921
101963
941
71971
69193
79973
34171
39979
83257
12149
44777
85081
59053
80657
90353
81569
97561
84697
70667
20507
35569
49277
68669
61967
21247
41941
39461
103951
104087
85909
12757
44027
52391
44917
58831
22961
61331
6883
49481
103093
84521
1061
18979
41333
66533
3529
1103
27803
47293
40927
56687
65381
7193
60209
25057
30223
88129
94961
78179
64927
39821
2711
76157
59063
27457
18521
44053
48079
36629
43853
6871
72883
67867
44371
46103
7759
76163
57241
22817
97673
102043
16747
11
90793
27031
44819
94951
41719
75793
96911
28663
6221
67489
57097
20509
28711
12281
52253
88883
46061
17497
12323
90847
93887
66431
98897
37699
9769
95261
10177
36551
11287
28697
37831
64901
77003
22189
82633
52807
31333
9601
98953
10691
53899
99289
8387
85229
34667
36229
99497
37309
102913
25219
67409
26903
98081
21751
95789
92683
30113
32771
65827
6011
74471
81761
29573
79693
37861
25031
51169
38459
64609
967
14437
95911
19447
49393
18041
46271
9283
21661
53507
23297
45481
39779
70949
4967
51461
5591
93371
11969
29483
71527
57947
78193
26437
100829
28753
62701
101681
5827
10391
37957
39041
34631
82171
88261
20249
102059
30809
60901
59011
53503
95213
36809
21503
101411
8887
26029
25261
6571
19603
4253
10667
54401
43237
74161
82007
3449
22943
4751
66457
86341
8929
97879
12919
60923
60107
83003
55217
75223
87083
66973
43499
27011
31601
49711
92957
97367
71329
31327
27983
36607
7699
69239
44909
54979
39107
35129
20611
56659
23059
81163
63737
75401
79063
26597
11119
15319
51137
43151
59263
46027
89603
62539
57731
24329
51047
34981
70327
36643
17029
21563
62189
88471
94033
44549
1381
90473
74903
72227
33767
58549
53441
87421
33493
33179
281
21871
32633
51551
63361
49811
102761
71941
72671
96443
98473
64937
35419
91499
9281
67979
96289
16073
36343
76597
19333
18287
103591
51061
44647
83
70249
88997
103919
69539
89381
74071
47353
28181
72533
36007
15797
64483
51031
9277
50707
72313
79133
67307
12967
86131
16963
54631
32983
92459
90073
14759
60077
18313
23369
97301
59009
36263
74567
80447
41863
43441
53773
35149
42373
104347
90289
97151
45247
79411
36313
42961
31511
2161
13229
67759
42821
13723
9013
93719
50993
81937
79151
55823
22109
77369
77747
80071
26539
59497
74209
56599
22721
87211
95717
78301
102607
37253
76387
853
101533
62141
13099
56929
60679
45959
23563
1109
14029
22699
39883
24847
15287
89983
39901
72953
56453
37747
46091
32299
84653
38699
52999
7529
22229
79939
4273
3863
102677
85661
47123
81299
89003
58211
4483
8819
523
62981
25171
78929
10531
4217
77681
33211
66977
569
88237
19793
95651
15887
23993
50891
85009
32051
11887
31271
9629
104639
9241
63059
77513
34039
35327
19867
80251
9551
17681
22567
78007
28019
73973
32251
49739
79379
21587
99817
54277
51817
17657
93997
52727
16223
93229
96137
33329
104233
85331
13187
57493
56711
93529
100853
81119
58979
12409
33937
2273
101641
87641
23671
21011
48409
70979
9337
15493
40849
2
62011
13003
38149
38273
87299
65921
15877
56611
98041
81001
41077
6659
78163
47407
65717
25183
95107
76873
101873
63781
1117
44201
38501
69109
37489
72931
37493
93923
7703
100019
37441
28163
55333
14629
15451
84017
91243
28229
35851
11411
2017
8707
27653
78277
47857
93553
49831
58687
84629
29423
52859
33713
57649
21467
80107
41389
92363
25463
229
17539
2129
72109
72269
29671
54973
87881
101917
60037
55229
41521
2741
79399
75941
58733
32783
94483
3463
85147
98129
67289
96017
64661
70919
37663
36791
39343
10159
93871
48527
11351
2731
46489
100447
21121
49807
61703
22291
58153
28859
58031
81931
91823
30367
21347
100669
23371
9587
97073
20849
13669
21613
5179
32117
42379
907
34649
1051
87541
53129
40903
19997
63587
31267
17909
101863
88339
10903
79601
63067
727
30259
2683
95773
38317
29989
73327
67213
22003
60637
67789
31181
86293
90403
77573
93089
58439
94219
50957
35507
90127
92387
68729
51287
2549
88609
77167
84463
103457
54727
41519
65267
48751
37967
37171
91781
41443
81619
27281
6899
96763
1321
99347
102667
18539
52321
59219
2887
34031
719
103001
88667
52967
62653
78857
37159
39293
45569
9059
14387
14887
27799
5009
62581
96799
39139
36107
48541
12517
24407
12653
85121
13127
71191
76781
18503
9001
797
30269
4733
53611
68737
40039
32611
61403
6359
18481
59513
22129
8597
257
48661
63103
77687
29983
94111
37483
81517
24317
38189
919
101693
2137
331
30553
18329
102121
94889
5741
89459
77017
81973
27361
89413
40283
30211
85027
6287
11593
44087
11677
104683
17837
46021
61057
76919
33223
55721
103801
18251
89227
28081
2917
72461
27697
7681
67021
1693
29059
98737
52631
46309
38971
75211
26641
92699
48679
4519
56767
9463
23827
93497
97499
31153
5501
49783
102181
56827
11299
12401
7253
47251
74761
80153
81401
98429
32687
5393
84787
33487
63743
100357
98407
35809
89977
6827
99907
67763
12577
63199
20963
97187
62297
16193
100343
80863
101347
20297
95971
102229
76819
6607
24551
54121
241
102407
15809
69931
25633
58727
25717
311
70687
42293
73783
104179
25733
19661
18973
78593
40387
79423
15017
7121
86323
50599
92623
69661
65599
76771
52379
28051
21377
99667
83417
61153
88663
16453
17327
61343
100823
43321
52529
82139
31627
77137
59747
23029
94723
50077
12497
4831
26261
66751
104149
46807
47297
27197
40627
81071
26119
4943
37517
62201
80929
42043
5623
92921
59539
27109
12713
45121
75539
79309
100937
71261
15667
19433
60383
39631
93637
59693
14867
21067
61001
57977
82591
52883
97441
52769
77587
29569
64811
15971
50047
73849
90583
17489
65063
8839
69257
45491
34499
54287
42979
72089
79829
68389
49199
49429
86369
36653
89527
9221
31727
23623
12823
39383
5039
13469
71963
72907
33461
35227
40037
55547
28661
100547
4969
70951
90731
32441
25589
65729
17389
17827
18899
44953
1511
74897
29917
75403
7237
51607
13037
80473
26263
191
16349
42943
97007
44171
75353
37897
85733
26099
5231
54163
24821
94949
6661
27271
47701
86413
1877
29927
32533
98411
63793
47657
48953
99839
69859
2819
56519
63823
103583
62099
39419
72503
90281
103319
100237
43867
20887
14249
31771
95369
1871
83023
91159
25367
82129
1747
52937
73303
72859
34591
3329
54539
2087
100279
39227
12923
51349
66841
9497
61553
9631
2357
44839
709
71
19927
52517
11621
50849
19489
53101
29383
79579
23549
47543
27647
2287
51913
68909
75389
78511
87253
29129
39451
20533
75253
15031
26417
66047
73939
54409
56009
13781
44279
19751
91397
68473
101293
269
55331
28499
12841
91967
93151
18749
14717
47507
33569
93077
71909
6067
53047
64157
85133
27481
22619
41957
101383
43651
3631
72047
43579
17467
37607
77951
43597
38707
63247
62071
40591
69481
63997
823
2003
75937
26813
12721
4973
33413
1249
53887
60251
8647
55127
80021
96739
32941
73757
28657
52561
38261
57899
35323
76963
90481
65647
93001
23209
9697
29137
53597
11257
761
102967
9791
69341
102793
68219
87277
11369
97771
49477
16111
24631
90217
103967
54013
65287
18229
22717
101561
15649
44269
22571
49939
10333
90067
3209
54503
55609
26423
77711
4003
37547
80221
70001
98009
82163
76091
28433
21419
101741
32917
53267
84449
35597
23143
87557
32531
17791
18223
51637
14447
50627
14669
83921
13997
7349
24889
8447
69263
96079
94709
19501
99439
30271
23981
20809
28513
60899
8147
4337
49727
19993
63131
43019
32189
28277
27061
97159
46141
84503
70207
101839
25121
95597
94529
23167
15101
48883
36563
38377
76367
35059
56891
55817
85667
63031
72161
34513
90709
76123
70537
63809
53233
3049
10321
1733
30707
1801
30803
12553
78809
51439
95071
92009
1459
77557
66931
26407
77029
64663
10487
521
35617
100313
10163
65983
103451
103387
63559
82003
34351
103529
34127
5309
19471
74231
57793
53959
87943
8563
68099
44741
51787
17401
67741
36523
94543
571
48889
69857
4783
37573
8369
33863
64781
13267
32911
97423
18637
78241
99223
36061
20981
33533
95083
86287
14503
10657
87671
74719
50549
57163
54449
66169
29881
70457
98899
56197
38917
102499
75041
68927
47951
45971
55057
32971
5503
51193
65633
94583
27583
97259
40163
5261
8179
20563
41893
76837
57571
14851
75323
9803
40063
64997
75017
49667
7537
80557
95617
71011
81929
61717
22303
22453
42709
37529
60589
97787
53479
5903
30881
100931
12277
37879
29717
19469
51307
59809
52313
74561
84347
57943
88397
20593
8641
78367
8423
21193
75037
98207
63337
71419
49999
95737
95009
673
94273
82723
4219
9857
8693
60761
28817
49339
28961
89137
26783
10273
93979
5791
70823
31393
77291
51257
45599
68899
5417
44207
79481
14593
45533
19463
65701
83243
82507
94559
60257
104651
88513
30637
67829
77569
21611
26237
22877
19759
30059
70997
38747
34471
13883
38851
62459
95791
95531
4013
593
67523
37273
45523
17021
23027
27073
41047
54421
47741
31541
55457
6857
35393
56999
47059
12347
2719
3023
3547
27701
69959
42463
23561
22973
92831
23473
60169
18127
16657
59083
31481
24979
36479
45127
85781
82469
16993
36997
24007
69497
27827
13633
80783
59699
6361
42443
28597
10457
100787
79907
90227
104239
52963
63211
88007
55219
15913
38351
10597
41849
30911
49037
76403
69259
31567
37571
1493
66821
104053
42727
55927
83579
51683
98849
1621
59369
72367
47419
92489
90841
83311
100169
87991
103573
63533
26497
43063
62761
33013
96787
47569
42017
2437
35407
41221
1033
36583
65867
27851
81293
33151
45641
49019
32789
77213
15859
9439
47143
10601
6329
63299
59399
74297
16487
12899
40759
6047
22639
52121
34211
19157
4441
39769
78347
74923
63913
70729
63949
99577
24593
92639
81637
21061
47681
3259
8537
100333
89087
54773
2579
10453
2861
60457
85691
29191
103237
30869
64081
44587
26561
4349
31469
61409
6529
40483
13297
73013
81047
78517
19841
42737
66943
44843
91753
56873
92767
8467
32993
89
42181
25771
88321
68531
29209
90121
93763
22691
21157
25799
89009
54413
77977
41357
46351
70039
25409
45307
94007
102031
11933
24611
27631
6653
17093
89779
74149
68821
26321
79159
16339
21881
13649
20089
46723
49787
56179
34369
57727
63589
76631
33113
90107
45317
42953
33617
35863
50767
82763
17923
59509
49627
2011
13183
29789
66293
89561
69371
90697
6197
40699
5479
7039
71809
25447
85361
63073
66653
7727
46567
24749
20123
41681
59467
15601
66383
19483
48523
53087
94153
41299
26879
13313
10039
95857
59471
81131
31751
4597
50867
85453
87767
14407
1607
1129
36781
53917
14797
55589
15131
22807
36713
59023
56893
100469
9209
73693
37277
17863
35107
23227
48859
89923
11927
43051
85237
84401
36137
9491
21787
1487
37321
47387
68437
67433
61129
46831
21277
58901
94613
46381
15551
71143
34141
33893
64817
8171
16651
7949
91121
937
17509
96263
46853
93281
103123
6547
21013
87539
12611
76733
46933
36241
9689
25469
64187
30089
70619
23747
44789
88993
41927
57787
66863
53551
23909
54493
63493
19231
29333
60493
53051
74027
14321
61583
65293
84239
36319
56897
24527
14731
103099
49639
78623
347
30119
92893
12491
103087
15731
86677
83449
75853
100057
13397
11251
90017
27067
60607
10939
56543
33289
35729
56093
37589
11839
37379
73091
59419
74521
67391
7151
85487
34961
7001
467
11777
31907
67679
13109
5233
6781
97021
39157
26723
4561
2467
15077
22993
21149
60869
17987
67883
73483
86161
35771
71789
45631
5167
41603
95467
18119
104479
94547
78787
64793
44453
43487
33199
10099
24023
40949
90197
39671
6269
3467
60167
82729
54251
104677
53269
41467
28087
4673
95987
14951
15193
98143
103471
19087
16879
20743
2027
93941
86143
911
3121
61687
62131
12157
34729
95731
71353
84809
32237
54713
39191
42083
23399
8669
84509
51827
27689
31253
91229
40973
45667
75511
82421
55931
86239
317
73127
99487
71147
63409
82781
42719
13999
24781
10427
78989
46687
73477
87877
87427
11279
48571
22613
32831
2063
39097
45953
88813
59951
37991
9623
18121
47189
65437
18443
25603
85103
29819
48353
104311
18401
12227
75679
14537
14737
14753
52291
12163
42487
63607
64513
2179
54829
97003
7243
38713
33301
67141
5189
86743
69809
51581
69457
4547
100943
16301
38197
21859
983
2777
48049
29297
41981
33049
19979
15061
72871
5647
28607
78941
67189
13163
33521
81901
77509
3847
4723
8573
6043
64007
76421
73369
29033
11003
62233
67819
8821
31147
84793
1663
21283
2267
17609
54083
34739
61961
71741
90997
41387
72763
73877
82601
21851
97607
29179
25903
48731
72767
16447
4243
91583
61381
63029
64109
38299
1699
54767
34583
97583
76283
58771
51859
78137
57527
63097
22063
65563
59627
95881
63863
63347
73751
14057
89819
2131
74551
101483
40933
97397
773
17443
10891
43721
12547
9257
4259
44651
9941
31319
19139
12251
32303
21767
36473
44221
42193
103577
4201
33311
78707
32009
35423
36787
38873
22123
577
55337
88867
8069
65269
6203
38803
7757
31193
44357
6199
104107
28547
30323
75709
91691
11503
78713
61417
11273
83857
28537
21991
79039
99623
42751
88651
94651
98867
81533
76259
45329
26297
42101
22039
56401
22483
5413
131
98251
62633
57709
70321
99367
12689
10889
96013
89501
101207
96931
45827
10771
24169
38651
84143
839
5923
16883
1697
31379
35963
23531
63649
55897
15233
19597
8999
10529
80789
11467
46703
45853
48073
18059
102533
56783
89209
42509
9787
11831
55313
55207
16937
101341
103069
53381
58337
102079
21841
643
42197
100267
58309
59663
73523
86627
10193
26687
4513
22501
4621
52541
72467
58057
25997
4153
55997
55487
92357
33349
15263
31991
45691
37361
21937
65239
6791
84869
27751
33403
43691
41513
53693
101027
45589
80923
71153
26699
98873
24473
79153
48989
39869
86027
32003
20899
5987
18523
21557
379
4129
2797
29537
29567
104113
1229
72949
83777
64217
97777
81083
57697
56431
28571
36857
55541
86371
21493
42337
13009
56437
38677
30391
31231
44809
40289
71249
23957
80051
38921
104491
82699
14087
12239
19717
35603
95413
31543
17359
66923
70621
89959
46523
34807
63149
90019
103511
35311
62791
84827
57853
23189
88003
94201
35117
97463
50021
11579
49279
22783
13963
75407
38303
74279
92381
65141
5323
5953
54133
37313
6211
76261
547
26839
72337
94169
9721
607
42187
44729
3967
35339
56113
60139
29401
94561
16417
69403
15937
21221
92821
53281
71719
92347
66271
39719
73019
14813
12973
33599
55763
33629
9419
17393
16139
67217
101161
95231
51151
76003
23173
13309
46549
68683
53003
58379
30509
103703
6691
13463
81307
36209
101021
21523
11437
6947
74381
104717
96337
87583
91097
73999
43159
83813
96323
16553
96827
55933
62827
1907
87917
37871
93419
91909
28027
16451
53231
41621
90437
76507
613
74623
80777
97829
24133
34919
103141
82499
6869
11597
37781
34319
89021
75307
42307
82759
65843
34273
23063
96847
43223
36749
70051
1301
99053
31039
89627
61609
101273
37511
33871
30029
65171
40361
51407
21179
15083
3877
86573
17191
67121
24671
88607
7393
32257
20789
9413
16831
84443
9733
47513
102539
3019
5227
12917
15881
92737
39023
99139
64679
33739
1789
102259
8269
104681
1277
32603
41453
24859
59621
18869
99109
41777
54217
101581
20129
89563
57601
24029
103423
67699
60293
44939
65899
78853
59359
62533
93169
3217
35923
11491
10399
97231
18731
6553
45821
4391
53629
67399
82013
20551
6449
96697
94463
17449
82021
35083
30389
75577
65053
19379
42853
42787
51341
63487
51659
57679
90089
80917
3457
1553
18803
10957
103651
32443
2969
40213
7307
15671
3733
26399
45677
39703
70289
60617
23327
42793
103289
19237
28307
54941
77723
56591
82891
36269
63857
86539
30011
38729
50923
20807
15013
54091
15919
59581
72253
83101
44983
641
95747
28729
55921
54049
104089
71933
26959
71887
79367
12049
42061
70313
97283
53927
87221
27823
39749
18043
78607
104707
25939
27539
69653
28211
16411
9461
23159
94687
10037
99277
27017
77617
9397
25583
23869
72707
14051
7019
91841
20101
58049
42589
81611
89123
36947
50773
58189
2663
22901
32467
36151
33773
80191
88223
29389
53239
24793
29131
5683
13687
63907
67219
25037
21647
50539
65981
24337
57737
56509
29303
48539
78059
29669
90379
60733
44617
21737
77479
73243
24799
49937
94999
41179
31513
22727
85597
27277
68239
14657
96179
37591
63761
12203
60331
22067
51421
104471
58787
79111
37339
65929
35747
15289
81041
16333
27847
4603
1039
18713
71023
77153
881
809
103067
79609
94531
55213
52733
89261
7489
41051
48787
59281
75787
4933
39607
80309
36109
82463
50873
55051
73259
22481
30307
18427
89269
101333
73721
40531
80747
47129
74317
47713
44537
3637
8317
66541
631
33149
9431
53923
38219
11353
21799
65651
8923
94727
4993
102023
20627
56237
52069
97549
83273
45281
98807
8513
103993
499
51241
72431
419
69191
79979
96601
33427
44579
17977
92987
52369
30677
14251
101477
49823
7481
59243
83969
84221
16229
88499
84947
16619
81043
79031
4021
73189
56267
52267
31121
4177
95419
80077
52721
6911
15541
47699
15787
42859
24203
86993
69623
67631
84859
25163
49169
3709
88817
36497
40559
90023
61651
45337
99829
59107
18061
1879
1489
5449
14621
44867
30631
60289
60373
9391
44059
58937
23557
50359
93607
53309
70843
60089
9547
55631
1279
15259
25793
32069
45161
20719
25411
7211
16091
38821
101141
104033
81689
65323
57557
26953
5333
66697
40459
49121
599
1787
102497
6863
50263
44623
85021
17117
48857
55501
102233
95219
31489
51721
52301
103889
40771
13499
66361
74101
68777
23741
71537
78173
7321
12037
73063
61471
56503
107
64381
28439
89891
45197
57559
7207
52153
22037
2803
13457
34511
1409
94117
17989
101267
38333
77761
28001
80611
66359
40739
78283
57179
52489
70913
25609
34487
84589
10331
91411
93971
64063
86011
18379
12373
54721
27739
46993
76159
73867
67843
55829
70769
73291
7547
17957
16063
74287
86453
32537
73471
6053
74713
26731
25867
74821
83383
36187
94603
90511
46099
93557
14843
86257
25541
72031
84523
82567
101531
11047
93683
5477
10909
64919
47051
11483
227
95311
34693
32411
16607
74611
46411
23011
659
86357
84317
10267
60133
17491
102061
78583
3623
2351
98911
31033
84481
86531
92941
101081
58991
92311
4493
72577
25639
58111
12569
28151
24917
47417
9901
71777
59441
56263
64577
28183
14723
4861
66373
98779
39301
56857
41651
7369
102433
89393
2293
86753
61603
65761
49201
84659
26681
26627
11833
91283
1019
88523
84437
52957
41729
100519
12601
32371
17579
3253
4229
54673
64567
15629
101107
86171
3181
26947
44657
43517
83431
63719
89671
8089
21023
75991
92669
4877
40693
3571
7919
84199
97387
78487
15461
42697
1429
69829
49069
10247
70271
653
37907
48733
17483
2609
22541
98627
64747
79823
37889
73433
3931
39857
34361
69427
22669
77929
96703
90407
38177
92003
78509
82217
19421
86599
83401
29411
84691
51427
5521
99551
88799
66883
63689
44711
17981
102881
24281
20117
81097
17291
33247
29147
6337
7669
23663
96157
100673
31189
62323
17293
33941
1847
61643
16273
101363
14411
67477
103291
7457
40813
11959
27179
29921
87313
92143
67057
8627
76481
73141
54547
10301
31793
80149
92467
46957
45361
23761
42701
13513
60793
4463
77543
69767
44893
96671
65119
101771
104243
26431
52021
15817
83717
74257
99149
94397
104327
2447
31223
100297
58967
31891
41011
28813
1231
92297
313
8681
88117
18013
100151
80629
42677
10079
50033
85429
2857
9173
2341
92569
69911
53623
54667
50129
89417
65699
14009
94811
60127
12433
5387
33721
52453
35977
50527
18143
56843
83497
23857
34253
20749
26801
5743
421
94649
60029
79279
57773
96731
56813
64693
1009
86297
21211
76253
9923
99259
56149
74699
37579
72893
56963
35839
88729
29759
35089
37799
6983
92227
55987
14591
57689
57637
24943
5843
37423
74377
6263
67733
73943
54679
31859
90619
74869
93701
41761
32423
15227
1783
46747
92203
1049
12113
94693
72817
40231
46051
26479
32609
80141
69467
11197
33757
36901
65479
64891
61051
9319
47221
56041
86927
57587
6427
91733
71917
22769
56099
16477
59149
34613
100493
58481
2141
46769
31321
88079
36847
5011
58229
67273
83267
16187
1471
13831
60521
28591
39841
100703
13933
2557
92413
11681
32059
75167
91463
98563
65309
89153
38603
27077
47501
19211
87697
104549
75997
65327
11827
33479
84179
19207
1453
8803
46279
99527
79967
87931
13877
21529
34913
7333
100733
90641
2243
94441
30203
211
89041
62053
71843
24109
43669
58363
22111
64451
79997
59863
60703
102329
61519
4793
6491
7229
47903
58243
15217
35267
41113
33749
13339
34159
65677
47797
75617
92503
26729
53591
26891
55711
98101
33083
43403
76757
57847
67807
47809
101977
96661
16493
2753
84761
86857
79813
65609
98573
54787
89599
94819
3911
92399
83609
389
8377
73637
41947
45053
74531
58393
91369
37693
8221
60017
92479
99563
91867
45697
96001
79201
26293
53077
49463
4327
76039
32377
91019
24179
11731
62753
87977
20873
54583
25237
13219
76213
74687
84961
57859
62927
80599
54443
46997
21187
43093
52639
93787
4211
52711
18217
39367
47137
12269
90647
79349
34033
29587
94049
80897
71359
70309
48847
85933
31151
95143
48817
86201
31183
25679
23269
48481
81551
64327
3673
98533
89519
20693
21727
37337
6367
76961
30931
26489
4091
81331
31981
83701
2371
6673
1741
84737
19739
12739
51487
36161
66067
79943
1979
20897
32203
66467
66763
102877
87743
1423
69163
52757
4127
24151
100043
70991
27431
8311
47737
98347
72797
54139
1901
16067
49223
20857
28867
38593
27337
3881
23071
20107
96199
79699
76543
13829
8527
28703
11177
52697
66959
19403
56171
10259
42499
87751
12343
102859
27103
80537
68539
71437
96353
25969
63313
19571
92801
70423
32503
14939
3257
20939
13679
12613
14431
51329
32213
6323
24851
1931
15511
11149
90907
15383
90239
86533
40111
6007
22573
22921
28771
48193
84011
85411
55793
32707
70141
4111
50833
94099
99391
58603
14159
70501
93241
96821
17573
38329
13681
53411
13217
78439
46819
97931
239
43591
2111
56209
56473
101869
71333
44293
20663
74573
9833
11447
29873
4957
67933
32939
14423
47911
85793
50087
12697
86719
43963
40879
59669
78779
34183
12503
35521
26717
50683
29761
29021
68639
71453
77431
4517
38959
75553
70489
76511
19891
93901
58151
24097
29009
77591
1237
12907
91163
44507
68743
32491
62687
65617
82531
50971
12953
22853
54323
62597
43201
52609
27611
99721
9829
100003
102001
78233
75269
65213
83987
33589
33119
85601
61141
50261
68171
98999
1439
25693
7621
32957
84407
55579
34607
30491
98419
95189
90833
61631
14929
24137
102523
34759
32369
19273
20983
9883
953
587
64237
2791
15527
56731
9103
18517
25657
14561
90007
54469
85513
72977
93377
78691
67061
19559
77893
14779
80627
8419
95441
70451
23677
34763
10151
54001
73547
21649
55619
77983
52543
84457
72727
48371
57287
67943
15583
14419
34939
104399
3169
62047
41771
38749
84991
59729
59561
77647
81799
84389
72959
96643
22433
79867
91193
48449
84223
62983
94823
15391
57719
98663
46559
12479
6977
51749
92111
50893
27043
57107
17659
88337
65497
101203
56377
68111
28793
19037
4951
26573
17107
17239
83641
82813
70237
10613
21773
5879
68207
7673
18211
103171
59159
43759
91033
23131
93179
65837
80407
90163
73553
104659
41381
99023
101939
21499
5059
72733
15737
29803
29611
92723
75931
95603
15307
61291
54037
55691
67987
70019
51071
31069
96451
10433
101009
55903
102149
79147
14869
27241
8167
43801
83561
17747
101833
13729
28099
3739
72277
58207
79241
52837
99083
16921
2531
78797
60397
10067
19441
53699
16561
77237
34157
8123
10133
48407
50131
5527
7213
56597
57803
77201
45893
86767
84559
93059
4481
37117
11243
7247
28631
30949
55621
45191
39409
27967
89783
5651
18553
9323
8329
40819
68501
44497
36353
83737
51197
29723
54919
7937
52667
21943
46301
10007
96997
27239
94343
43427
50651
19609
22511
48677
82981
18047
52361
100649
30763
69779
88807
68281
100801
11867
11719
60859
103049
17891
78497
39229
18367
101377
95803
37567
23899
65657
103079
86269
66523
25913
21701
71389
40127
17189
87959
95957
5279
11261
8663
48869
53407
1319
62801
51907
43943
739
64151
75337
36307
87179
5783
1543
90529
63601
3373
98179
51893
40763
82031
43627
100699
29311
49871
67231
101489
25579
6277
70583
41201
21401
20261
87559
1889
63703
80749
62477
99103
60631
64627
104309
59221
33023
81749
85447
16001
9311
91291
86981
7823
27941
2833
3659
10477
11213
62401
49877
15607
65731
82231
30757
90359
76243
86249
17053
433
15107
11903
95561
55441
55249
59671
3677
32719
13799
47837
8353
26927
19013
43541
15727
19813
3343
45763
64553
61813
61379
21713
102811
38447
19267
7607
18191
55291
67033
75767
80167
77773
34147
81971
54367
19073
98491
9887
2333
101449
46327
48823
100999
36277
88289
88463
103723
46861
64439
38237
49033
92189
65719
51839
61261
49747
41479
24107
99241
81013
78311
20233
99733
47161
9473
23321
32569
19861
68371
97579
44501
12211
91921
60343
95021
49211
54751
35869
23099
14281
87037
61031
83227
16823
95401
37363
6131
66791
25349
71503
51347
20231
38113
23831
74143
14821
94993
13873
52879
16871
6823
28837
102241
4241
3797
7079
93199
757
45289
87443
94327
35837
45979
97651
103699
7901
29429
80683
73133
32749
84713
24113
58579
9133
99089
73037
85669
74587
51157
32647
9041
63599
11863
33563
56393
81223
40787
3347
93323
99079
29269
42019
16007
42139
397
78577
64499
40253
18787
13913
48491
62549
82471
51133
46447
99709
3313
75743
6581
487
14303
42611
87359
104369
52973
38977
91493
9781
80279
52067
99929
58537
91591
45757
55663
88903
90203
24071
72019
81647
79687
58573
77471
68147
57901
58897
149
100193
63473
9743
73643
87701
70877
10789
34327
38461
44491
71569
34019
99191
5209
59833
5399
8161
28123
70529
41131
69991
9643
15679
69463
65257
17047
15991
88801
73727
63499
46771
36739
85451
55381
1433
9859
79229
70157
65777
13399
33347
29453
80177
84701
58451
64879
52861
65129
37243
56123
90533
53719
15331
4729
97849
73771
17807
66089
13709
43037
67421
64037
41659
75527
58889
68917
77621
75181
50441
90971
48809
14081
79841
54269
74873
25801
42689
9187
62057
89689
23977
50513
77863
28219
65203
98387
20879
67559
25339
49633
69739
89669
61729
66103
35461
58679
53777
85363
100069
63841
10739
98467
58757
6841
36979
103997
1181
46337
62603
95873
6679
91571
74941
80347
41269
70901
80803
10463
26833
98297
32341
55901
68447
21961
91873
40519
91961
28477
103979
72719
82361
78121
57301
63527
33809
68483
94079
25847
34061
14327
8009
15823
37963
102367
85381
21383
73897
43991
21391
56527
91183
56311
15761
12161
5693
61723
79697
85717
101051
92243
54949
90917
449
27817
20641
6959
30937
86017
66491
37049
68209
20369
27551
55343
68947
21521
49669
3593
89963
39163
32381
21191
33679
69019
65851
14557
74759
5573
18097
85819
62143
37019
60811
1163
87683
67993
75659
55163
35801
44179
3307
65587
53149
24439
64969
20071
54709
104711
85049
8093
54629
44041
15427
14969
1873
35291
53849
79433
41593
71399
93307
85627
2153
52457
62989
94307
51941
65551
22343
68053
69499
60317
102563
78653
78157
7187
1213
17683
46757
32401
88919
21977
60953
73361
27259
22811
81953
13331
30661
74311
3229
97001
101159
46133
50273
18457
4637
77323
46229
24677
14207
102359
58193
57139
14983
33889
233
76463
27673
61099
96769
83063
55733
99707
49523
38861
22651
32797
9049
30137
57839
64033
77867
52249
49031
77447
73651
17921
64403
28901
14713
36677
35677
19801
77969
4801
101063
10357
64333
54403
100459
55079
57413
5849
22153
14107
79357
73043
15413
14831
74189
61007
20287
102409
53113
42023
44701
1949
11171
70199
47981
42221
17377
12301
30071
102841
89083
70061
3271
52147
96757
38611
96587
101891
28109
57203
4903
36433
14683
55117
57143
26053
86561
6967
42473
10567
91367
86689
80263
93283
35281
28429
83939
94351
42461
55021
12457
101513
34123
75347
53069
69233
66851
887
72911
60917
14897
49891
90059
89491
73379
73417
62483
94229
97577
3853
47777
9227
90659
6079
60091
26501
8971
77263
5087
35531
53323
100591
102199
3413
83299
76493
46451
23201
16649
4001
72643
62731
103
48271
47533
75629
26893
13901
95383
47819
2539
83933
63467
1571
73121
50221
47963
53279
86587
20599
95929
86501
58369
2879
82613
12979
69593
13859
44119
85159
18289
30347
94261
85621
31277
77377
86861
18587
13921
24251
62119
89759
9871
47389
52783
82549
38449
3167
20921
26183
3511
62591
61511
28807
79757
104123
27509
7951
89597
31573
63179
64223
54983
15269
54011
74093
3
23689
18397
72649
72167
75193
32801
71387
86353
54181
55967
82339
4909
5569
91771
5153
4093
59233
32083
24371
89203
7331
86311
16981
33961
92461
69709
24181
22133
77347
38393
9839
30517
20113
48109
5171
56737
66029
91423
77351
14741
84163
67169
69317
15137
10867
661
87119
66553
69847
10861
89101
76471
27763
76649
81181
33073
7103
49919
27749
7561
24373
25321
55837
40193
51203
76801
82619
22051
73613
59629
11497
57149
4657
2843
73819
38629
23609
86771
18671
81031
38453
41351
1567
12043
75011
39839
103867
27743
91393
63127
99871
27581
50341
53549
2347
40129
66797
59473
10631
62273
79657
74891
68213
83177
102437
101921
71363
87547
89107
9377
1973
19709
58661
58403
59453
9239
67339
50177
99767
48179
101089
54193
100511
58631
78427
3331
92033
11617
65099
5507
95713
7027
16069
18719
93113
49613
90173
55373
74653
25919
85091
93139
66041
84421
37951
20333
62659
45319
34297
9161
95317
22283
36973
48871
32359
99611
51593
70163
29443
103091
86291
33343
38567
13441
24907
43889
49529
23603
22679
12791
12853
44887
31177
10729
13537
87973
64231
103349
5881
65539
43313
21101
86263
1021
15661
20639
21317
18301
12241
73453
50147
62501
49411
45403
86969
31729
11953
75377
40423
22369
91939
85193
86629
57829
30319
80287
31091
74731
79549
88771
92857
82493
26161
45007
24103
7879
37619
58231
67139
74177
59971
89591
58109
64433
63311
80317
10343
57917
9767
45263
16087
44563
20929
100361
85531
57271
28789
99793
33911
23087
91199
96461
92369
29581
52501
90031
23447
64301
50051
41189
54497
28751
6073
9151
86477
5939
68713
98887
92753
78643
41413
92557
38671
91127
66947
92581
64921
26177
33317
13147
8731
17881
45061
63799
68819
6703
4651
91081
91997
24359
102139
25943
56383
6481
8011
98893
39499
22171
11783
100207
73847
70123
72901
65537
98227
11321
41999
71549
21569
60353
80363
49853
22697
81421
69763
17341
77611
17939
74131
12743
44531
68993
59183
76289
80387
92401
46199
34897
63577
617
102461
87869
15733
25247
84673
93581
94847
70627
103357
77047
48437
87151
5557
52237
8753
5081
34421
92867
17749
22147
81359
76249
12073
98713
67153
95101
75079
27793
42743
37847
94109
48311
60337
93053
9029
60773
56101
65353
32057
54623
45707
45751
86509
62723
97523
39983
104513
15121
47149
71593
80231
59753
91151
25561
79333
63629
72613
40343
64489
39313
103231
56443
64601
683
57089
8747
56821
60443
97553
23081
97729
22409
87251
2113
64717
16567
104551
31883
10429
12097
14369
102931
101719
30341
10303
56809
19477
95063
86693
5381
2383
20269
73589
27809
47779
28349
95089
90599
34883
30181
271
97547
59197
82219
40277
41141
23633
92993
77093
92119
83399
53089
54833
96149
88843
20399
86183
51977
62743
94309
80621
33191
30781
41243
100927
2089
80329
99761
37447
80831
46643
96797
95989
87911
45673
85577
6089
95471
66643
16249
55807
68897
10369
72889
79817
63463
2897
97303
2909
53633
34673
65831
100049
66809
61613
51343
41183
97453
64399
8807
25309
25577
28289
33377
71237
18089
90677
103969
83597
6521
32507
41669
66179
95233
20177
10733
13807
21929
83357
102481
20731
89317
96953
89849
78317
66499
2251
16829
16673
89113
23333
86951
59333
57973
69439
45137
32327
80603
20173
17761
42839
67181
63353
65927
19727
26113
16127
21817
25169
13151
93251
77731
75869
52511
21739
1327
30103
81553
99041
87433
59123
85469
6551
29
13619
1613
42359
36767
51479
76231
55633
36013
28111
49043
63611
46663
53453
28297
87643
84467
57329
36067
5701
47653
10141
15643
65809
15187
96329
14639
80147
63391
88811
83639
10223
65579
66337
39829
62921
46511
19889
89303
36293
31769
48779
78697
72341
25873
2659
85831
2473
47639
6299
70201
18583
18743
10091
77563
4591
1153
3527
68261
12821
76129
85523
50671
163
35159
3083
32321
87793
18413
76907
57119
37561
62627
21107
66919
22861
42797
86813
39047
102611
91099
1097
75437
92153
5431
28057
66617
101747
22543
101611
61637
60413
92707
10501
47057
48119
80273
81707
43003
23773
72497
69031
88493
62869
76949
78101
77081
29101
104323
75541
87223
65993
59443
1721
77743
59929
49697
13
38557
18947
17581
48413
29833
8293
30013
46183
71947
33703
80761
39043
19543
4139
8017
14489
60913
56989
73823
48479
100957
22391
17333
22159
101429
89513
25127
61547
20759
53813
27527
63241
4937
75013
46639
28411
98299
33751
100403
42433
97103
57809
9091
11113
41887
91969
71341
26701
61
41227
84127
35141
25841
64951
70009
72103
59707
27329
104417
83617
54779
25453
67957
51577
79301
103687
71879
95003
20411
81677
15473
22637
91757
8059
94331
98269
14543
70181
76369
92779
60779
36793
32353
24989
87833
25951
62861
103613
71233
34129
51199
3701
89567
47791
5303
35069
1201
20143
3301
37369
59659
1579
17027
59351
52181
37501
75289
104231
96581
15091
87071
59999
26513
53093
23117
43133
100501
19181
82207
2707
77689
38609
14891
24923
66949
22031
30529
1451
102251
37123
77261
8581
98479
24419
23251
36697
57041
35753
76031
67567
89833
41399
30493
100183
48157
74609
67003
104597
24683
100483
77641
17623
84431
14923
8297
55073
98947
69941
15497
1373
27283
43793
90823
39929
55799
6689
34519
2543
16481
2699
67
103217
101749
17789
14083
65147
100129
16763
6971
98221
50591
63113
11173
24469
99787
44483
11383
90787
81463
49927
15647
98939
22349
16741
102871
72221
26107
95923
9479
39373
28573
4679
29231
40577
70753
56479
50363
19687
70571
92959
26003
33409
1861
67531
27059
42989
61819
74197
61121
11717
98057
95239
3203
83047
82483
66713
95539
4079
4507
89387
61871
29599
56671
34877
35527
52579
78541
10289
44971
84137
26669
80429
857
83653
8837
89809
28909
43291
69899
56359
6961
102191
48487
93889
29017
87517
92693
30197
26371
90911
66377
30091
21323
40177
61757
42533
76423
4919
36457
48259
65111
81727
1657
96989
95153
61933
37783
81457
47309
44267
40609
53819
78167
67783
25643
104297
94427
72287
37061
359
56039
24481
50777
7129
18701
87961
37853
29641
74021
6949
60449
97
76667
13577
41801
71293
85607
104473
12451
99131
71837
92051
6793
25439
37097
20947
5689
96331
82241
30893
104207
20477
67723
223
8273
56239
76103
95393
53951
40597
28687
42391
93491
73609
19777
97843
50503
96979
877
23593
78049
6563
18371
24043
92219
72229
47207
46153
12671
2621
31517
58963
71129
51229
29063
58411
52051
58921
102203
53717
64373
3917
25087
16703
7993
92567
83537
66107
7687
54541
18917
81943
79451
81839
43573
48947
47881
3821
5101
6709
5147
17159
52201
104281
53171
58997
48463
89017
7309
67129
1291
72689
22091
67709
38993
34429
50753
52709
16631
42071
8389
101221
87721
40583
28627
17627
193
39397
15161
80111
49261
71761
98047
49391
25537
22751
9341
53377
38791
10607
479
90247
47711
60757
2801
8689
16433
28393
18233
2239
8233
49193
63617
3299
99989
9967
51613
34259
93827
10559
104537
61861
33601
25423
11971
71429
51769
36299
56081
39863
27733
82609
71069
52919
13103
86423
95801
102929
26209
15313
7639
87337
51239
49459
14627
44851
32909
33091
26759
100987
45869
12071
38231
87629
68863
69061
44249
84533
61657
55673
74219
28069
91453
87121
64067
30313
57389
15373
20959
63803
19429
101
14519
82561
62137
59617
81701
40543
32309
3323
51413
17207
12101
85297
65027
7867
94207
7411
83443
509
7433
54293
63667
51473
59077
70573
50101
84307
8677
65789
100391
12511
81773
58271
22741
81919
59377
14533
102161
42209
74861
92173
99431
29879
8863
34303
65123
28031
70381
41203
77477
49109
33037
16633
30941
40429
7057
3557
76519
43613
72481
103399
51899
58427
86843
64153
11633
39709
91631
39541
95327
45439
89329
23971
36011
77933
54311
13613
75619
52223
79987
86197
73061
70957
67427
83689
7877
78889
100517
22739
89069
2423
84211
58763
101957
50593
61681
24223
3119
17839
1831
92107
14173
88093
85313
21139
93479
8053
26711
50969
68771
62987
18169
57173
50497
16987
78437
76147
62851
16943
25759
82651
80669
69067
4409
81283
58657
19381
91129
46919
64877
49597
81649
5437
37003
70487
83911
12143
90149
90547
41897
13121
52163
30431
84719
79901
23767
77269
16661
9127
48337
20219
19681
88591
6619
32297
48497
36451
17077
9719
4073
100741
95479
743
91457
61987
34651
22277
59447
104287
67447
27397
89189
95257
37993
21481
78467
11059
38833
55147
81157
78341
50111
30469
23627
96667
78553
4421
1753
23911
29527
46691
70393
6569
10663
37087
13931
77339
1069
104459
8623
58567
51719
29501
47339
92863
56779
39113
60821
37217
89681
37507
94793
25013
18859
67931
18757
90989
67777
96419
43049
40697
74159
85643
22859
71081
26387
90263
58169
19009
83089
39251
7297
80989
101627
19853
25373
17569
98621
83437
20359
29387
16759
29167
92083
93263
36341
13711
61151
53189
73009
29683
10459
15173
75967
31247
69151
56477
46817
57751
72937
26987
4889
35591
43457
52627
337
45293
102593
57347
24083
75773
76717
33827
44449
76487
85619
89051
102317
70351
61091
15467
25667
10781
65183
63671
41627
88951
56467
43397
98519
5051
71039
9649
20327
97919
56773
47111
86939
48029
69473
62873
97327
95093
19387
307
65687
4523
18439
89477
74051
62219
49757
24247
100271
8783
35537
97883
21683
1303
43271
56713
13759
71479
70607
29633
