1427
1229
359
613
7547
1543
5273
1087
6449
997
7307
977
1097
7717
7243
1933
4639
7879
773
5233
6173
6883
1579
2707
4651
5441
6133
1231
2459
1051
1753
2683
2003
3469
701
2207
3083
191
5099
3853
373
1489
1361
569
2803
5
293
7103
5393
101
2137
4337
3583
2213
1031
7841
1949
2591
5851
5659
3733
5279
7883
2939
4871
1297
4751
1109
3697
733
571
7537
3271
3491
1291
659
6361
5653
5443
2143
239
7561
1901
6301
5297
5867
41
6011
2081
601
3823
229
3169
6197
739
859
4993
103
5641
5009
4759
1151
2837
3613
6257
6151
6113
4003
4801
1613
3539
5839
727
1667
5503
5791
409
4937
2467
5849
1979
7853
4271
617
6781
6397
6547
2539
1061
1279
1213
2393
2399
37
137
7817
4013
6553
3389
5897
5171
7643
3803
2437
6581
6221
7283
5531
139
97
3719
7723
3593
2647
31
5399
5449
1523
3671
1657
7369
6269
607
7541
1637
941
5813
2053
4157
3329
3881
3347
2903
5923
1931
1723
5573
661
2389
4129
5689
5059
1283
521
5039
1303
6991
6907
1783
6029
6043
947
797
6079
1531
6829
6343
6481
83
347
3089
7607
1973
4201
211
5303
7151
113
4889
5717
487
6691
4861
5881
467
3637
4397
1823
1091
1117
3557
6857
181
7351
4093
1321
7019
821
6121
6047
4679
4243
3527
3923
5623
4049
2039
1669
6353
7669
1499
4133
5381
2621
1409
1571
3061
6277
1193
3299
4483
6599
3407
6871
149
1129
3163
5527
5197
2423
7331
7867
2269
5477
199
4621
7621
6337
439
6211
2153
991
1249
5953
2617
4517
7457
7451
2473
2371
7699
653
4021
2383
1319
397
1367
547
1381
2917
1567
5821
197
1487
1621
5119
2381
2963
6733
127
4127
6899
1607
4729
6709
4079
577
1103
887
431
1033
5843
1483
277
2089
2311
2549
2239
2801
79
383
4259
3037
167
4409
6323
1847
6779
3631
3307
223
3559
4933
5227
7523
2633
4969
7247
3989
1277
1237
3461
5939
1429
7823
769
1163
5351
1801
5519
3863
4877
3761
1049
3121
2411
7043
463
2267
877
4289
7489
173
17
6679
4451
967
827
7393
2857
4057
4373
3767
7
6329
5431
7583
43
2749
6701
7057
6067
163
1301
1663
1093
3943
7411
509
3449
7789
757
5323
3851
2309
563
2377
2953
2897
6997
5261
7219
2281
4999
349
5003
5563
6421
157
5827
5101
7069
23
1259
3203
1867
6977
5701
5651
857
4423
2579
6911
7129
7109
1831
7013
61
479
1553
5857
5483
283
7159
3221
3257
6007
5437
3391
1759
7213
1373
2879
2111
6577
337
6473
619
4973
2113
863
5669
953
3361
7433
4721
1997
911
3877
1459
4663
3533
587
281
811
3433
4447
4349
3659
6983
6571
5231
2671
937
71
6311
4211
2729
3301
331
7253
1597
1171
7187
6791
1289
5693
2297
4019
809
53
7681
2131
7649
1871
1811
5581
4261
523
5471
307
2767
6317
3967
4643
6217
673
2971
4273
6607
2543
1187
3517
1889
983
4391
4733
4903
1873
1039
4831
389
367
7237
11
6961
5743
2141
4357
433
7687
7529
5737
3041
6037
4951
1777
7741
3541
4111
1741
1223
5023
2663
2851
67
7877
971
4919
3413
1913
7591
503
5077
2861
4561
881
263
907
3209
3
4799
3253
3049
317
6863
1993
6959
4177
5189
2087
3137
1861
1021
4139
643
2693
6661
593
6131
5779
3673
4637
3793
3847
6491
4723
5741
5011
6827
1789
3643
47
3313
1601
5237
6947
751
2687
3919
4603
6101
1609
5387
557
5683
4813
13
3259
6359
4001
4909
4217
691
6563
6703
89
3229
1009
7459
7573
109
4441
4327
719
1583
683
2417
3911
677
4159
7507
6793
1733
3331
6833
4283
1999
7829
4091
1987
6803
5333
2593
3821
6299
3769
5657
1747
4463
7001
839
3571
7499
5879
3929
2351
19
3907
3319
7639
7477
6373
6469
449
4051
269
6761
3931
6367
7873
6637
829
3109
7481
6287
1307
6053
787
7517
5147
6737
5167
2293
2887
1153
4957
6521
6673
419
5987
2099
4789
5209
2063
6619
3947
5557
2203
7901
461
2521
3217
1019
1433
7757
631
5869
3529
7907
2957
241
2129
3623
3079
4591
3463
2357
2011
4099
5347
2999
3251
1447
179
6379
6229
929
1693
421
2789
4027
2237
2843
1493
6271
5179
5081
3917
107
4703
3371
5569
2161
3011
251
2347
1451
1013
743
2657
4229
5417
1951
7673
2083
7193
2027
3581
4231
1327
3001
7309
5647
7793
2287
2731
4583
1619
5419
6551
3191
853
5903
4481
4339
3023
271
1627
2711
6389
5927
4493
1907
3701
7691
2179
6427
6967
3359
4219
5807
2447
3119
233
5591
4073
7577
4793
2797
1439
5501
3739
7297
59
5749
3779
3727
6841
1787
2221
2333
457
6263
6089
1201
3181
2477
5051
2243
1181
7549
5407
7727
541
2791
7589
1877
2753
4297
6653
5309
7027
353
3019
401
7919
2441
2713
7759
1481
1069
6569
7121
379
1511
4967
2819
7039
7321
2
4691
1399
2339
2531
4987
1697
2833
5861
6247
4597
2551
4783
5021
3677
7127
5801
1559
6143
2609
5281
7753
3373
4421
7333
2659
3607
2927
499
2699
641
7559
1423
2503
6203
1709
5087
1063
29
4153
6451
3067
2969
4253
443
4787
4943
3833
6971
761
73
257
3323
1721
709
5521
6949
2689
311
2029
6689
5153
2341
2251
6823
1471
2719
151
1879
227
6529
3797
4547
6199
5107
4549
3343
4931
4523
7487
4241
7211
4507
4673
5711
6163
6719
6073
647
823
599
7207
491
7349
3547
3511
6659
3457
3499
5479
4363
4519
131
2017
7703
2677
3889
7417
1549
2557
2741
4817
5413
5507
5783
6917
6869
919
3167
883
6763
7079
1453
4513
193
6091
3467
1699
2909
3709
1217
5981
5639
7229
7177
3617
2777
4567
3691
313
1123
2273
4007
4657
5113
3187
7603
4649
4457
2069
